sommets
0 0 0
-1,005196 1,216237 17,110172
-2,476181 0,684133 13,511276
3,197620 0,000000 13,511276
3,197620 0,684133 18,369785
-2,476177 0,684133 7,033264
3,197620 0,000000 7,033264
10,762689 0,000000 7,033264
10,762688 0,000000 13,511276
10,762689 0,684133 18,369785
18,327755 0,000000 13,511276
18,327755 0,684133 18,369785
18,327755 0,000000 7,033264
25,892822 0,000000 7,033264
25,892822 0,000000 13,511276
25,892822 0,684133 18,369785
33,457890 0,000000 13,511276
33,457890 0,684133 18,369785
33,457890 0,000000 7,033264
41,022957 0,000000 7,033264
41,022957 0,000000 13,511276
41,022957 0,684133 18,369785
48,588024 0,000000 13,511276
48,588024 0,684133 18,369785
48,588024 0,000000 7,033264
54,261822 0,684133 7,033264
54,261826 0,684133 13,511276
52,790840 1,216237 17,110172
-2,476181 0,684133 0,555252
3,197620 0,000000 0,555252
-2,476177 0,684133 -5,922760
3,197620 0,000000 -5,922760
10,762689 0,000000 -5,922760
10,762688 0,000000 0,555252
18,327755 0,000000 0,555252
18,327755 0,000000 -5,922760
25,892822 0,000000 -5,922760
25,892822 0,000000 0,555252
33,457890 0,000000 0,555252
33,457890 0,000000 -5,922760
41,022957 0,000000 -5,922760
41,022957 0,000000 0,555252
48,588024 0,000000 0,555252
48,588024 0,000000 -5,922760
54,261822 0,684133 -5,922760
54,261826 0,684133 0,555252
-2,476181 0,684133 -12,400772
3,197620 0,000000 -12,400772
-2,476177 0,684133 -18,878784
3,197620 0,000000 -18,878784
10,762689 0,000000 -18,878784
10,762688 0,000000 -12,400772
18,327755 0,000000 -12,400772
18,327755 0,000000 -18,878784
25,892822 0,000000 -18,878784
25,892822 0,000000 -12,400772
33,457890 0,000000 -12,400772
33,457890 0,000000 -18,878784
41,022957 0,000000 -18,878784
41,022957 0,000000 -12,400772
48,588024 0,000000 -12,400772
48,588024 0,000000 -18,878784
54,261822 0,684133 -18,878784
54,261826 0,684133 -12,400772
-2,476181 0,684133 -25,356796
3,197620 0,000000 -25,356796
-1,005196 1,216237 -28,955692
3,197620 0,684133 -30,215305
10,762689 0,684133 -30,215305
10,762688 0,000000 -25,356796
18,327755 0,000000 -25,356796
18,327755 0,684133 -30,215305
25,892822 0,684133 -30,215305
25,892822 0,000000 -25,356796
33,457890 0,000000 -25,356796
33,457890 0,684133 -30,215305
41,022957 0,684133 -30,215305
41,022957 0,000000 -25,356796
48,588024 0,000000 -25,356796
48,588024 0,684133 -30,215305
52,790840 1,216237 -28,955692
54,261826 0,684133 -25,356796
-1,005196 20,676025 17,110172
3,197620 21,208130 18,369785
3,197620 21,892263 13,511276
-2,476181 21,208130 13,511276
10,762686 22,131983 18,952805
8,871422 22,950956 13,511276
10,762688 22,833328 7,033265
3,197620 22,950956 8,652767
-3,157040 22,131983 7,033264
15,668867 33,037949 15,566246
18,327755 33,372467 15,888474
18,327755 33,802559 13,511276
15,135266 33,372467 13,511276
20,986643 33,037949 15,566246
21,520245 33,372467 13,511276
20,986643 33,037949 11,456308
18,327755 33,372467 11,134079
15,668867 33,037949 11,456308
25,892822 22,131983 18,952805
33,457890 21,208130 18,369785
33,457890 21,892263 13,511276
27,784088 22,950956 13,511276
41,022957 22,131983 18,952805
39,131691 22,950956 13,511276
41,022957 22,833328 7,033265
33,457890 22,950956 8,652767
25,892822 22,833328 7,033265
45,929138 33,037949 15,566246
48,588024 33,372467 15,888474
48,588024 33,802559 13,511276
45,395535 33,372467 13,511276
51,246910 33,037949 15,566246
51,780514 33,372467 13,511276
51,246910 33,037949 11,456308
48,588024 33,372467 11,134079
45,929138 33,037949 11,456308
0,538733 33,037949 2,610220
3,197620 33,372467 2,932449
3,197620 33,802559 0,555252
0,005131 33,372467 0,555252
5,856508 33,037949 2,610220
6,390110 33,372467 0,555252
5,856508 33,037949 -1,499716
3,197620 33,372467 -1,821945
0,538733 33,037949 -1,499716
18,327755 22,950956 5,413761
18,327755 21,892263 0,555252
12,653955 22,950956 0,555252
24,001556 22,950956 0,555252
25,892822 22,833328 -5,922760
18,327755 22,950956 -4,303257
10,762688 22,833328 -5,922760
30,799002 33,037949 2,610220
33,457890 33,372467 2,932449
33,457890 33,802559 0,555252
30,265400 33,372467 0,555252
36,116776 33,037949 2,610220
36,650379 33,372467 0,555252
36,116776 33,037949 -1,499716
33,457890 33,372467 -1,821945
30,799002 33,037949 -1,499716
48,588024 22,950956 5,413761
48,588024 21,892263 0,555252
42,914223 22,950956 0,555252
54,942684 22,131983 7,033264
54,261826 21,208130 0,555252
54,942684 22,131983 -5,922760
48,588024 22,950956 -4,303257
41,022957 22,833328 -5,922760
-3,157040 22,131983 -5,922760
3,197620 22,950956 -7,542263
3,197620 21,892263 -12,400772
-2,476181 21,208130 -12,400772
8,871422 22,950956 -12,400772
10,762688 22,833328 -18,878784
3,197620 22,950956 -17,259281
-3,157040 22,131983 -18,878784
15,668867 33,037949 -10,345804
18,327755 33,372467 -10,023575
18,327755 33,802559 -12,400772
15,135266 33,372467 -12,400772
20,986643 33,037949 -10,345804
21,520245 33,372467 -12,400772
20,986643 33,037949 -14,455740
18,327755 33,372467 -14,777969
15,668867 33,037949 -14,455740
33,457890 22,950956 -7,542263
33,457890 21,892263 -12,400772
27,784088 22,950956 -12,400772
39,131691 22,950956 -12,400772
41,022957 22,833328 -18,878784
33,457890 22,950956 -17,259281
25,892822 22,833328 -18,878784
45,929138 33,037949 -10,345804
48,588024 33,372467 -10,023575
48,588024 33,802559 -12,400772
45,395535 33,372467 -12,400772
51,246910 33,037949 -10,345804
51,780514 33,372467 -12,400772
51,246910 33,037949 -14,455740
48,588024 33,372467 -14,777969
45,929138 33,037949 -14,455740
0,538733 33,037949 -23,301828
3,197620 33,372467 -22,979599
3,197620 33,802559 -25,356796
0,005131 33,372467 -25,356796
5,856508 33,037949 -23,301828
6,390110 33,372467 -25,356796
5,856508 33,037949 -27,411766
3,197620 33,372467 -27,733994
0,538733 33,037949 -27,411766
18,327755 22,950956 -20,498287
18,327755 21,892263 -25,356796
12,653955 22,950956 -25,356796
24,001556 22,950956 -25,356796
25,892822 22,131983 -30,798325
18,327755 21,208130 -30,215305
10,762686 22,131983 -30,798325
30,799002 33,037949 -23,301828
33,457890 33,372467 -22,979599
33,457890 33,802559 -25,356796
30,265400 33,372467 -25,356796
36,116776 33,037949 -23,301828
36,650379 33,372467 -25,356796
36,116776 33,037949 -27,411766
33,457890 33,372467 -27,733994
30,799002 33,037949 -27,411766
48,588024 22,950956 -20,498287
48,588024 21,892263 -25,356796
42,914223 22,950956 -25,356796
54,942684 22,131983 -18,878784
54,261826 21,208130 -25,356796
52,790840 20,676025 -28,955692
48,588024 21,208130 -30,215305
41,022957 22,131983 -30,798325
3,197620 2,736533 19,989288
-2,476181 2,736533 18,369785
10,762688 2,736533 19,989288
10,762689 5,473065 19,989288
3,197620 5,473066 19,989288
-2,476177 5,473066 18,369785
18,327755 2,736533 19,989288
25,892822 2,736533 19,989288
25,892822 5,473065 19,989288
18,327755 5,473066 19,989288
33,457890 2,736533 19,989288
41,022957 2,736533 19,989288
41,022957 5,473065 19,989288
33,457890 5,473066 19,989288
48,588024 2,736533 19,989288
54,261826 2,736533 18,369785
54,261822 5,473066 18,369785
48,588024 5,473066 19,989288
3,197620 8,209599 19,989288
-2,476181 8,209599 18,369785
10,762688 8,209599 19,989288
10,762689 10,946131 19,989288
3,197620 10,946132 19,989288
-2,476177 10,946131 18,369785
18,327755 8,209599 19,989288
25,892822 8,209599 19,989288
25,892822 10,946131 19,989288
18,327755 10,946132 19,989288
33,457890 8,209599 19,989288
41,022957 8,209599 19,989288
41,022957 10,946131 19,989288
33,457890 10,946132 19,989288
48,588024 8,209599 19,989288
54,261826 8,209599 18,369785
54,261822 10,946131 18,369785
48,588024 10,946132 19,989288
3,197620 13,682665 19,989288
-2,476181 13,682665 18,369785
10,762688 13,682665 19,989288
10,762689 16,419197 19,989288
3,197620 16,419197 19,989288
-2,476177 16,419197 18,369785
18,327755 13,682665 19,989288
25,892822 13,682665 19,989288
25,892822 16,419197 19,989288
18,327755 16,419197 19,989288
33,457890 13,682665 19,989288
41,022957 13,682665 19,989288
41,022957 16,419197 19,989288
33,457890 16,419197 19,989288
48,588024 13,682665 19,989288
54,261826 13,682665 18,369785
54,261822 16,419197 18,369785
48,588024 16,419197 19,989288
3,197620 19,155731 19,989288
-2,476181 19,155731 18,369785
10,762688 19,155731 19,989288
18,327755 19,155731 19,989288
25,892822 19,155731 19,989288
18,327755 22,266823 19,989288
33,457890 19,155731 19,989288
41,022957 19,155731 19,989288
48,588024 19,155731 19,989288
54,261826 19,155731 18,369785
54,261822 22,266825 18,369785
48,588024 22,266823 19,989288
56,153091 2,736533 13,511276
56,153091 2,736533 7,033264
56,153088 5,473065 7,033264
56,153091 5,473066 13,511276
56,153091 2,736533 0,555252
56,153091 2,736533 -5,922760
56,153088 5,473065 -5,922760
56,153091 5,473066 0,555252
56,153091 2,736533 -12,400772
56,153091 2,736533 -18,878784
56,153088 5,473065 -18,878784
56,153091 5,473066 -12,400772
56,153091 2,736533 -25,356796
54,261826 2,736533 -30,215305
54,261822 5,473066 -30,215305
56,153091 5,473066 -25,356796
56,153091 8,209599 13,511276
56,153091 8,209599 7,033264
56,153088 10,946131 7,033264
56,153091 10,946132 13,511276
56,153091 8,209599 0,555252
56,153091 8,209599 -5,922760
56,153088 10,946131 -5,922760
56,153091 10,946132 0,555252
56,153091 8,209599 -12,400772
56,153091 8,209599 -18,878784
56,153088 10,946131 -18,878784
56,153091 10,946132 -12,400772
56,153091 8,209599 -25,356796
54,261826 8,209599 -30,215305
54,261822 10,946131 -30,215305
56,153091 10,946132 -25,356796
56,153091 13,682665 13,511276
56,153091 13,682665 7,033264
56,153088 16,419197 7,033264
56,153091 16,419197 13,511276
56,153091 13,682665 0,555252
56,153091 13,682665 -5,922760
56,153088 16,419197 -5,922760
56,153091 16,419197 0,555252
56,153091 13,682665 -12,400772
56,153091 13,682665 -18,878784
56,153088 16,419197 -18,878784
56,153091 16,419197 -12,400772
56,153091 13,682665 -25,356796
54,261826 13,682665 -30,215305
54,261822 16,419197 -30,215305
56,153091 16,419197 -25,356796
56,153091 19,155731 13,511276
56,153091 19,155731 7,033264
56,153091 22,266823 13,511276
56,153091 19,155731 0,555252
56,153091 19,155731 -5,922760
56,153091 19,155731 -12,400772
56,153091 19,155731 -18,878784
56,153091 22,266823 -12,400772
56,153091 19,155731 -25,356796
54,261826 19,155731 -30,215305
48,588024 2,736533 -31,834808
41,022957 2,736533 -31,834808
41,022957 5,473065 -31,834808
48,588024 5,473066 -31,834808
33,457890 2,736533 -31,834808
25,892822 2,736533 -31,834808
25,892822 5,473065 -31,834808
33,457890 5,473066 -31,834808
18,327755 2,736533 -31,834808
10,762688 2,736533 -31,834808
10,762688 5,473065 -31,834808
18,327755 5,473066 -31,834808
3,197620 2,736533 -31,834808
-2,476181 2,736533 -30,215305
-2,476177 5,473066 -30,215305
3,197620 5,473066 -31,834808
48,588024 8,209599 -31,834808
41,022957 8,209599 -31,834808
41,022957 10,946131 -31,834808
48,588024 10,946132 -31,834808
33,457890 8,209599 -31,834808
25,892822 8,209599 -31,834808
25,892822 10,946131 -31,834808
33,457890 10,946132 -31,834808
18,327755 8,209599 -31,834808
10,762688 8,209599 -31,834808
10,762688 10,946131 -31,834808
18,327755 10,946132 -31,834808
3,197620 8,209599 -31,834808
-2,476181 8,209599 -30,215305
-2,476177 10,946131 -30,215305
3,197620 10,946132 -31,834808
48,588024 13,682665 -31,834808
41,022957 13,682665 -31,834808
41,022957 16,419197 -31,834808
48,588024 16,419197 -31,834808
33,457890 13,682665 -31,834808
25,892822 13,682665 -31,834808
25,892822 16,419197 -31,834808
33,457890 16,419197 -31,834808
18,327755 13,682665 -31,834808
10,762688 13,682665 -31,834808
10,762688 16,419197 -31,834808
18,327755 16,419197 -31,834808
3,197620 13,682665 -31,834808
-2,476181 13,682665 -30,215305
-2,476177 16,419197 -30,215305
3,197620 16,419197 -31,834808
48,588024 19,155731 -31,834808
41,022957 19,155731 -31,834808
33,457890 19,155731 -31,834808
25,892822 19,155731 -31,834808
33,457890 22,266823 -31,834808
18,327755 19,155731 -31,834808
10,762688 19,155731 -31,834808
3,197620 19,155731 -31,834808
-2,476181 19,155731 -30,215305
-2,476177 22,266825 -30,215305
3,197620 22,266823 -31,834808
-4,367447 2,736533 -25,356796
-4,367447 2,736533 -18,878784
-4,367443 5,473065 -18,878784
-4,367447 5,473066 -25,356796
-4,367447 2,736533 -12,400772
-4,367447 2,736533 -5,922760
-4,367443 5,473065 -5,922760
-4,367447 5,473066 -12,400772
-4,367447 2,736533 0,555252
-4,367447 2,736533 7,033264
-4,367443 5,473065 7,033264
-4,367447 5,473066 0,555252
-4,367447 2,736533 13,511276
-4,367447 5,473066 13,511276
-4,367447 8,209599 -25,356796
-4,367447 8,209599 -18,878784
-4,367443 10,946131 -18,878784
-4,367447 10,946132 -25,356796
-4,367447 8,209599 -12,400772
-4,367447 8,209599 -5,922760
-4,367443 10,946131 -5,922760
-4,367447 10,946132 -12,400772
-4,367447 8,209599 0,555252
-4,367447 8,209599 7,033264
-4,367443 10,946131 7,033264
-4,367447 10,946132 0,555252
-4,367447 8,209599 13,511276
-4,367447 10,946132 13,511276
-4,367447 13,682665 -25,356796
-4,367447 13,682665 -18,878784
-4,367443 16,419197 -18,878784
-4,367447 16,419197 -25,356796
-4,367447 13,682665 -12,400772
-4,367447 13,682665 -5,922760
-4,367443 16,419197 -5,922760
-4,367447 16,419197 -12,400772
-4,367447 13,682665 0,555252
-4,367447 13,682665 7,033264
-4,367443 16,419197 7,033264
-4,367447 16,419197 0,555252
-4,367447 13,682665 13,511276
-4,367447 16,419197 13,511276
-4,367447 19,155731 -25,356796
-4,367447 19,155731 -18,878784
-4,367447 22,266823 -25,356796
-4,367447 19,155731 -12,400772
-4,367447 19,155731 -5,922760
-4,367447 19,155731 0,555252
-4,367447 19,155731 7,033264
-4,367447 22,266823 0,555252
-4,367447 19,155731 13,511276
10,762688 26,127035 13,511276
12,653955 26,127035 8,652767
12,653955 26,127035 18,369785
13,026152 29,733210 17,997589
11,258950 29,733208 13,511276
13,026152 29,733210 9,024963
18,327755 26,127035 19,989288
24,001556 26,127035 18,369785
23,629358 29,733210 17,997589
18,327755 29,733208 19,493027
25,892822 26,127035 13,511276
24,001556 26,127035 8,652767
23,629358 29,733210 9,024963
25,396561 29,733208 13,511276
18,327755 26,127035 7,033264
18,327755 29,733208 7,529527
41,022957 26,127035 13,511276
42,914223 26,127035 8,652767
42,914223 26,127035 18,369785
43,286419 29,733210 17,997589
41,519218 29,733208 13,511276
43,286423 29,733210 9,024963
48,588024 26,127035 19,989288
54,261826 26,127035 18,369785
53,889626 29,733210 17,997589
48,588024 29,733208 19,493027
56,153091 26,127035 13,511276
54,261826 26,127035 8,652767
53,889626 29,733210 9,024963
55,656830 29,733208 13,511276
48,588024 26,127035 7,033264
48,588024 29,733208 7,529527
3,197620 26,127035 7,033264
-2,476181 26,127035 5,413761
8,871422 26,127035 5,413761
8,499226 29,733210 5,041565
3,197620 29,733208 6,537002
-2,103981 29,733210 5,041565
10,762688 26,127035 0,555252
8,871422 26,127035 -4,303257
8,499226 29,733210 -3,931060
10,266425 29,733208 0,555252
3,197620 26,127035 -5,922760
-2,476181 26,127035 -4,303257
-2,103981 29,733210 -3,931060
3,197620 29,733208 -5,426497
-4,367447 26,127035 0,555252
-3,871185 29,733208 0,555252
33,457890 26,127035 7,033264
27,784088 26,127035 5,413761
39,131691 26,127035 5,413761
38,759491 29,733210 5,041565
33,457890 29,733208 6,537002
28,156286 29,733210 5,041565
41,022957 26,127035 0,555252
39,131691 26,127035 -4,303257
38,759491 29,733210 -3,931060
40,526695 29,733208 0,555252
33,457890 26,127035 -5,922760
27,784088 26,127035 -4,303257
28,156286 29,733210 -3,931060
33,457890 29,733208 -5,426497
25,892822 26,127035 0,555252
26,389084 29,733208 0,555252
18,327755 26,127035 -5,922760
12,653955 26,127035 -7,542263
24,001556 26,127035 -7,542263
23,629358 29,733210 -7,914460
18,327755 29,733208 -6,419023
13,026152 29,733210 -7,914460
25,892822 26,127035 -12,400772
24,001556 26,127035 -17,259281
23,629358 29,733210 -16,887085
25,396561 29,733208 -12,400772
18,327755 26,127035 -18,878784
12,653955 26,127035 -17,259281
13,026152 29,733210 -16,887085
18,327755 29,733208 -18,382523
10,762688 26,127035 -12,400772
11,258950 29,733208 -12,400772
48,588024 26,127035 -5,922760
42,914223 26,127035 -7,542263
54,261826 26,127035 -7,542263
53,889626 29,733210 -7,914460
48,588024 29,733208 -6,419023
43,286419 29,733210 -7,914460
56,153091 26,127035 -12,400772
54,261826 26,127035 -17,259281
53,889626 29,733210 -16,887085
55,656830 29,733208 -12,400772
48,588024 26,127035 -18,878784
42,914223 26,127035 -17,259281
43,286419 29,733210 -16,887085
48,588024 29,733208 -18,382523
41,022957 26,127035 -12,400772
41,519218 29,733208 -12,400772
3,197620 26,127035 -18,878784
-2,476181 26,127035 -20,498287
8,871422 26,127035 -20,498287
8,499226 29,733210 -20,870483
3,197620 29,733208 -19,375046
-2,103981 29,733210 -20,870483
10,762688 26,127035 -25,356796
8,871422 26,127035 -30,215305
8,499226 29,733210 -29,843109
10,266425 29,733208 -25,356796
3,197620 26,127035 -31,834808
-2,476181 26,127035 -30,215305
-2,103981 29,733210 -29,843109
3,197620 29,733208 -31,338547
-4,367447 26,127035 -25,356796
-3,871185 29,733208 -25,356796
33,457890 26,127035 -18,878784
27,784088 26,127035 -20,498287
39,131691 26,127035 -20,498287
38,759491 29,733210 -20,870483
33,457890 29,733208 -19,375046
28,156286 29,733210 -20,870483
41,022957 26,127035 -25,356796
39,131691 26,127035 -30,215305
38,759491 29,733210 -29,843109
40,526695 29,733208 -25,356796
33,457890 26,127035 -31,834808
27,784088 26,127035 -30,215305
28,156286 29,733210 -29,843109
33,457890 29,733208 -31,338547
25,892822 26,127035 -25,356796
26,389084 29,733208 -25,356796
12,747738 32,082184 13,511276
14,142742 32,082184 10,141554
14,142742 32,082184 16,880997
18,327755 32,082184 18,004238
22,512768 32,082184 16,880997
23,907772 32,082184 13,511276
22,512768 32,082184 10,141554
18,327755 32,082184 9,018314
43,008007 32,082184 13,511276
44,403011 32,082184 10,141554
44,403011 32,082184 16,880997
48,588024 32,082184 18,004238
52,773037 32,082184 16,880997
54,168041 32,082184 13,511276
52,773037 32,082184 10,141554
48,588024 32,082184 9,018314
3,197620 32,082184 5,048214
-0,987392 32,082184 3,924974
7,382633 32,082184 3,924974
8,777637 32,082184 0,555252
7,382633 32,082184 -2,814470
3,197620 32,082184 -3,937711
-0,987392 32,082184 -2,814470
-2,382397 32,082184 0,555252
33,457890 32,082184 5,048214
29,272877 32,082184 3,924974
37,642902 32,082184 3,924974
39,037907 32,082184 0,555252
37,642902 32,082184 -2,814470
33,457890 32,082184 -3,937711
29,272877 32,082184 -2,814470
27,877872 32,082184 0,555252
18,327755 32,082184 -7,907809
14,142742 32,082184 -9,031050
22,512768 32,082184 -9,031050
23,907772 32,082184 -12,400772
22,512768 32,082184 -15,770494
18,327755 32,082184 -16,893734
14,142742 32,082184 -15,770494
12,747738 32,082184 -12,400772
48,588024 32,082184 -7,907809
44,403011 32,082184 -9,031050
52,773037 32,082184 -9,031050
54,168041 32,082184 -12,400772
52,773037 32,082184 -15,770494
48,588024 32,082184 -16,893734
44,403011 32,082184 -15,770494
43,008007 32,082184 -12,400772
3,197620 32,082184 -20,863834
-0,987392 32,082184 -21,987074
7,382633 32,082184 -21,987074
8,777637 32,082184 -25,356796
7,382633 32,082184 -28,726517
3,197620 32,082184 -29,849758
-0,987392 32,082184 -28,726517
-2,382397 32,082184 -25,356796
33,457890 32,082184 -20,863834
29,272877 32,082184 -21,987074
37,642902 32,082184 -21,987074
39,037907 32,082184 -25,356796
37,642902 32,082184 -28,726517
33,457890 32,082184 -29,849758
29,272877 32,082184 -28,726517
27,877872 32,082184 -25,356796
faces
-642 -641 -640 -639 
-641 -638 -637 -640 
-636 -635 -640 -637 
-635 -634 -639 -640 
-634 -635 -633 -632 
-635 -636 -631 -633 
-630 -629 -633 -631 
-629 -628 -632 -633 
-628 -629 -627 -626 
-629 -630 -625 -627 
-624 -623 -627 -625 
-623 -622 -626 -627 
-622 -623 -621 -620 
-623 -624 -619 -621 
-618 -617 -621 -619 
-617 -616 -620 -621 
-638 -615 -614 -637 
-615 -613 -612 -614 
-611 -610 -614 -612 
-610 -636 -637 -614 
-636 -610 -609 -631 
-610 -611 -608 -609 
-607 -606 -609 -608 
-606 -630 -631 -609 
-630 -606 -605 -625 
-606 -607 -604 -605 
-603 -602 -605 -604 
-602 -624 -625 -605 
-624 -602 -601 -619 
-602 -603 -600 -601 
-599 -598 -601 -600 
-598 -618 -619 -601 
-613 -597 -596 -612 
-597 -595 -594 -596 
-593 -592 -596 -594 
-592 -611 -612 -596 
-611 -592 -591 -608 
-592 -593 -590 -591 
-589 -588 -591 -590 
-588 -607 -608 -591 
-607 -588 -587 -604 
-588 -589 -586 -587 
-585 -584 -587 -586 
-584 -603 -604 -587 
-603 -584 -583 -600 
-584 -585 -582 -583 
-581 -580 -583 -582 
-580 -599 -600 -583 
-595 -579 -578 -594 
-579 -577 -576 -578 
-575 -574 -578 -576 
-574 -593 -594 -578 
-593 -574 -573 -590 
-574 -575 -572 -573 
-571 -570 -573 -572 
-570 -589 -590 -573 
-589 -570 -569 -586 
-570 -571 -568 -569 
-567 -566 -569 -568 
-566 -585 -586 -569 
-585 -566 -565 -582 
-566 -567 -564 -565 
-563 -562 -565 -564 
-562 -581 -582 -565 
-561 -560 -559 -558 
-560 -557 -556 -559 
-555 -554 -559 -556 
-554 -553 -558 -559 
-552 -551 -550 -549 
-551 -548 -547 -550 
-546 -545 -550 -547 
-545 -544 -549 -550 
-543 -542 -541 -540 
-542 -539 -538 -541 
-537 -536 -541 -538 
-536 -535 -540 -541 
-534 -533 -532 -531 
-533 -530 -529 -532 
-528 -527 -532 -529 
-527 -526 -531 -532 
-525 -524 -523 -522 
-524 -521 -520 -523 
-519 -518 -523 -520 
-518 -517 -522 -523 
-555 -516 -515 -514 
-516 -535 -513 -515 
-512 -511 -515 -513 
-511 -510 -514 -515 
-509 -508 -507 -506 
-508 -505 -504 -507 
-503 -502 -507 -504 
-502 -501 -506 -507 
-537 -500 -499 -498 
-500 -497 -496 -499 
-495 -494 -499 -496 
-494 -493 -498 -499 
-492 -491 -490 -489 
-491 -510 -488 -490 
-487 -486 -490 -488 
-486 -485 -489 -490 
-484 -483 -482 -481 
-483 -480 -479 -482 
-478 -477 -482 -479 
-477 -476 -481 -482 
-512 -475 -474 -473 
-475 -493 -472 -474 
-471 -470 -474 -472 
-470 -469 -473 -474 
-468 -467 -466 -465 
-467 -464 -463 -466 
-462 -461 -466 -463 
-461 -460 -465 -466 
-459 -458 -457 -456 
-458 -455 -454 -457 
-453 -452 -457 -454 
-452 -451 -456 -457 
-487 -450 -449 -448 
-450 -469 -447 -449 
-446 -445 -449 -447 
-445 -444 -448 -449 
-443 -442 -441 -440 
-442 -439 -438 -441 
-437 -436 -441 -438 
-436 -435 -440 -441 
-471 -434 -433 -432 
-434 -431 -430 -433 
-429 -428 -433 -430 
-428 -427 -432 -433 
-642 -639 -426 -425 
-639 -634 -424 -426 
-423 -422 -426 -424 
-422 -421 -425 -426 
-634 -632 -420 -424 
-632 -628 -419 -420 
-418 -417 -420 -419 
-417 -423 -424 -420 
-628 -626 -416 -419 
-626 -622 -415 -416 
-414 -413 -416 -415 
-413 -418 -419 -416 
-622 -620 -412 -415 
-620 -616 -411 -412 
-410 -409 -412 -411 
-409 -414 -415 -412 
-421 -422 -408 -407 
-422 -423 -406 -408 
-405 -404 -408 -406 
-404 -403 -407 -408 
-423 -417 -402 -406 
-417 -418 -401 -402 
-400 -399 -402 -401 
-399 -405 -406 -402 
-418 -413 -398 -401 
-413 -414 -397 -398 
-396 -395 -398 -397 
-395 -400 -401 -398 
-414 -409 -394 -397 
-409 -410 -393 -394 
-392 -391 -394 -393 
-391 -396 -397 -394 
-403 -404 -390 -389 
-404 -405 -388 -390 
-387 -386 -390 -388 
-386 -385 -389 -390 
-405 -399 -384 -388 
-399 -400 -383 -384 
-382 -381 -384 -383 
-381 -387 -388 -384 
-400 -395 -380 -383 
-395 -396 -379 -380 
-378 -377 -380 -379 
-377 -382 -383 -380 
-396 -391 -376 -379 
-391 -392 -375 -376 
-374 -373 -376 -375 
-373 -378 -379 -376 
-385 -386 -372 -371 
-386 -387 -370 -372 
-557 -560 -372 -370 
-560 -561 -371 -372 
-387 -381 -369 -370 
-381 -382 -368 -369 
-543 -367 -369 -368 
-367 -557 -370 -369 
-382 -377 -366 -368 
-377 -378 -365 -366 
-539 -542 -366 -365 
-542 -543 -368 -366 
-378 -373 -364 -365 
-373 -374 -363 -364 
-362 -361 -364 -363 
-361 -539 -365 -364 
-616 -617 -360 -411 
-617 -618 -359 -360 
-358 -357 -360 -359 
-357 -410 -411 -360 
-618 -598 -356 -359 
-598 -599 -355 -356 
-354 -353 -356 -355 
-353 -358 -359 -356 
-599 -580 -352 -355 
-580 -581 -351 -352 
-350 -349 -352 -351 
-349 -354 -355 -352 
-581 -562 -348 -351 
-562 -563 -347 -348 
-346 -345 -348 -347 
-345 -350 -351 -348 
-410 -357 -344 -393 
-357 -358 -343 -344 
-342 -341 -344 -343 
-341 -392 -393 -344 
-358 -353 -340 -343 
-353 -354 -339 -340 
-338 -337 -340 -339 
-337 -342 -343 -340 
-354 -349 -336 -339 
-349 -350 -335 -336 
-334 -333 -336 -335 
-333 -338 -339 -336 
-350 -345 -332 -335 
-345 -346 -331 -332 
-330 -329 -332 -331 
-329 -334 -335 -332 
-392 -341 -328 -375 
-341 -342 -327 -328 
-326 -325 -328 -327 
-325 -374 -375 -328 
-342 -337 -324 -327 
-337 -338 -323 -324 
-322 -321 -324 -323 
-321 -326 -327 -324 
-338 -333 -320 -323 
-333 -334 -319 -320 
-318 -317 -320 -319 
-317 -322 -323 -320 
-334 -329 -316 -319 
-329 -330 -315 -316 
-314 -313 -316 -315 
-313 -318 -319 -316 
-374 -325 -312 -363 
-325 -326 -311 -312 
-497 -310 -312 -311 
-310 -362 -363 -312 
-326 -321 -309 -311 
-321 -322 -308 -309 
-495 -496 -309 -308 
-496 -497 -311 -309 
-322 -317 -307 -308 
-317 -318 -306 -307 
-431 -305 -307 -306 
-305 -495 -308 -307 
-318 -313 -304 -306 
-313 -314 -303 -304 
-429 -430 -304 -303 
-430 -431 -306 -304 
-563 -564 -302 -347 
-564 -567 -301 -302 
-300 -299 -302 -301 
-299 -346 -347 -302 
-567 -568 -298 -301 
-568 -571 -297 -298 
-296 -295 -298 -297 
-295 -300 -301 -298 
-571 -572 -294 -297 
-572 -575 -293 -294 
-292 -291 -294 -293 
-291 -296 -297 -294 
-575 -576 -290 -293 
-576 -577 -289 -290 
-288 -287 -290 -289 
-287 -292 -293 -290 
-346 -299 -286 -331 
-299 -300 -285 -286 
-284 -283 -286 -285 
-283 -330 -331 -286 
-300 -295 -282 -285 
-295 -296 -281 -282 
-280 -279 -282 -281 
-279 -284 -285 -282 
-296 -291 -278 -281 
-291 -292 -277 -278 
-276 -275 -278 -277 
-275 -280 -281 -278 
-292 -287 -274 -277 
-287 -288 -273 -274 
-272 -271 -274 -273 
-271 -276 -277 -274 
-330 -283 -270 -315 
-283 -284 -269 -270 
-268 -267 -270 -269 
-267 -314 -315 -270 
-284 -279 -266 -269 
-279 -280 -265 -266 
-264 -263 -266 -265 
-263 -268 -269 -266 
-280 -275 -262 -265 
-275 -276 -261 -262 
-260 -259 -262 -261 
-259 -264 -265 -262 
-276 -271 -258 -261 
-271 -272 -257 -258 
-256 -255 -258 -257 
-255 -260 -261 -258 
-314 -267 -254 -303 
-267 -268 -253 -254 
-427 -428 -254 -253 
-428 -429 -303 -254 
-268 -263 -252 -253 
-263 -264 -251 -252 
-446 -250 -252 -251 
-250 -427 -253 -252 
-264 -259 -249 -251 
-259 -260 -248 -249 
-444 -445 -249 -248 
-445 -446 -251 -249 
-260 -255 -247 -248 
-255 -256 -246 -247 
-245 -244 -247 -246 
-244 -444 -248 -247 
-577 -579 -243 -289 
-579 -595 -242 -243 
-241 -240 -243 -242 
-240 -288 -289 -243 
-595 -597 -239 -242 
-597 -613 -238 -239 
-237 -236 -239 -238 
-236 -241 -242 -239 
-613 -615 -235 -238 
-615 -638 -234 -235 
-233 -232 -235 -234 
-232 -237 -238 -235 
-638 -641 -231 -234 
-641 -642 -425 -231 
-421 -230 -231 -425 
-230 -233 -234 -231 
-288 -240 -229 -273 
-240 -241 -228 -229 
-227 -226 -229 -228 
-226 -272 -273 -229 
-241 -236 -225 -228 
-236 -237 -224 -225 
-223 -222 -225 -224 
-222 -227 -228 -225 
-237 -232 -221 -224 
-232 -233 -220 -221 
-219 -218 -221 -220 
-218 -223 -224 -221 
-233 -230 -217 -220 
-230 -421 -407 -217 
-403 -216 -217 -407 
-216 -219 -220 -217 
-272 -226 -215 -257 
-226 -227 -214 -215 
-213 -212 -215 -214 
-212 -256 -257 -215 
-227 -222 -211 -214 
-222 -223 -210 -211 
-209 -208 -211 -210 
-208 -213 -214 -211 
-223 -218 -207 -210 
-218 -219 -206 -207 
-205 -204 -207 -206 
-204 -209 -210 -207 
-219 -216 -203 -206 
-216 -403 -389 -203 
-385 -202 -203 -389 
-202 -205 -206 -203 
-256 -212 -201 -246 
-212 -213 -200 -201 
-485 -199 -201 -200 
-199 -245 -246 -201 
-213 -208 -198 -200 
-208 -209 -197 -198 
-492 -489 -198 -197 
-489 -485 -200 -198 
-209 -204 -196 -197 
-204 -205 -195 -196 
-553 -194 -196 -195 
-194 -492 -197 -196 
-205 -202 -193 -195 
-202 -385 -371 -193 
-561 -558 -193 -371 
-558 -553 -195 -193 
-555 -556 -192 -191 
-556 -557 -190 -192 
-189 -188 -192 -190 
-188 -187 -191 -192 
-557 -367 -186 -190 
-367 -543 -185 -186 
-184 -183 -186 -185 
-183 -189 -190 -186 
-543 -540 -182 -185 
-540 -535 -181 -182 
-180 -179 -182 -181 
-179 -184 -185 -182 
-535 -516 -178 -181 
-516 -555 -191 -178 
-187 -177 -178 -191 
-177 -180 -181 -178 
-537 -538 -176 -175 
-538 -539 -174 -176 
-173 -172 -176 -174 
-172 -171 -175 -176 
-539 -361 -170 -174 
-361 -362 -169 -170 
-168 -167 -170 -169 
-167 -173 -174 -170 
-362 -310 -166 -169 
-310 -497 -165 -166 
-164 -163 -166 -165 
-163 -168 -169 -166 
-497 -500 -162 -165 
-500 -537 -175 -162 
-171 -161 -162 -175 
-161 -164 -165 -162 
-553 -554 -160 -159 
-554 -555 -158 -160 
-157 -156 -160 -158 
-156 -155 -159 -160 
-555 -514 -154 -158 
-514 -510 -153 -154 
-152 -151 -154 -153 
-151 -157 -158 -154 
-510 -491 -150 -153 
-491 -492 -149 -150 
-148 -147 -150 -149 
-147 -152 -153 -150 
-492 -194 -146 -149 
-194 -553 -159 -146 
-155 -145 -146 -159 
-145 -148 -149 -146 
-535 -536 -144 -143 
-536 -537 -142 -144 
-141 -140 -144 -142 
-140 -139 -143 -144 
-537 -498 -138 -142 
-498 -493 -137 -138 
-136 -135 -138 -137 
-135 -141 -142 -138 
-493 -475 -134 -137 
-475 -512 -133 -134 
-132 -131 -134 -133 
-131 -136 -137 -134 
-512 -513 -130 -133 
-513 -535 -143 -130 
-139 -129 -130 -143 
-129 -132 -133 -130 
-510 -511 -128 -127 
-511 -512 -126 -128 
-125 -124 -128 -126 
-124 -123 -127 -128 
-512 -473 -122 -126 
-473 -469 -121 -122 
-120 -119 -122 -121 
-119 -125 -126 -122 
-469 -450 -118 -121 
-450 -487 -117 -118 
-116 -115 -118 -117 
-115 -120 -121 -118 
-487 -488 -114 -117 
-488 -510 -127 -114 
-123 -113 -114 -127 
-113 -116 -117 -114 
-493 -494 -112 -111 
-494 -495 -110 -112 
-109 -108 -112 -110 
-108 -107 -111 -112 
-495 -305 -106 -110 
-305 -431 -105 -106 
-104 -103 -106 -105 
-103 -109 -110 -106 
-431 -434 -102 -105 
-434 -471 -101 -102 
-100 -99 -102 -101 
-99 -104 -105 -102 
-471 -472 -98 -101 
-472 -493 -111 -98 
-107 -97 -98 -111 
-97 -100 -101 -98 
-485 -486 -96 -95 
-486 -487 -94 -96 
-93 -92 -96 -94 
-92 -91 -95 -96 
-487 -448 -90 -94 
-448 -444 -89 -90 
-88 -87 -90 -89 
-87 -93 -94 -90 
-444 -244 -86 -89 
-244 -245 -85 -86 
-84 -83 -86 -85 
-83 -88 -89 -86 
-245 -199 -82 -85 
-199 -485 -95 -82 
-91 -81 -82 -95 
-81 -84 -85 -82 
-469 -470 -80 -79 
-470 -471 -78 -80 
-77 -76 -80 -78 
-76 -75 -79 -80 
-471 -432 -74 -78 
-432 -427 -73 -74 
-72 -71 -74 -73 
-71 -77 -78 -74 
-427 -250 -70 -73 
-250 -446 -69 -70 
-68 -67 -70 -69 
-67 -72 -73 -70 
-446 -447 -66 -69 
-447 -469 -79 -66 
-75 -65 -66 -79 
-65 -68 -69 -66 
-187 -188 -64 -63 
-188 -189 -62 -64 
-552 -549 -64 -62 
-549 -544 -63 -64 
-189 -183 -61 -62 
-183 -184 -60 -61 
-548 -551 -61 -60 
-551 -552 -62 -61 
-184 -179 -59 -60 
-179 -180 -58 -59 
-546 -547 -59 -58 
-547 -548 -60 -59 
-180 -177 -57 -58 
-177 -187 -63 -57 
-544 -545 -57 -63 
-545 -546 -58 -57 
-171 -172 -56 -55 
-172 -173 -54 -56 
-534 -531 -56 -54 
-531 -526 -55 -56 
-173 -167 -53 -54 
-167 -168 -52 -53 
-530 -533 -53 -52 
-533 -534 -54 -53 
-168 -163 -51 -52 
-163 -164 -50 -51 
-528 -529 -51 -50 
-529 -530 -52 -51 
-164 -161 -49 -50 
-161 -171 -55 -49 
-526 -527 -49 -55 
-527 -528 -50 -49 
-155 -156 -48 -47 
-156 -157 -46 -48 
-521 -524 -48 -46 
-524 -525 -47 -48 
-157 -151 -45 -46 
-151 -152 -44 -45 
-519 -520 -45 -44 
-520 -521 -46 -45 
-152 -147 -43 -44 
-147 -148 -42 -43 
-517 -518 -43 -42 
-518 -519 -44 -43 
-148 -145 -41 -42 
-145 -155 -47 -41 
-525 -522 -41 -47 
-522 -517 -42 -41 
-139 -140 -40 -39 
-140 -141 -38 -40 
-505 -508 -40 -38 
-508 -509 -39 -40 
-141 -135 -37 -38 
-135 -136 -36 -37 
-503 -504 -37 -36 
-504 -505 -38 -37 
-136 -131 -35 -36 
-131 -132 -34 -35 
-501 -502 -35 -34 
-502 -503 -36 -35 
-132 -129 -33 -34 
-129 -139 -39 -33 
-509 -506 -33 -39 
-506 -501 -34 -33 
-123 -124 -32 -31 
-124 -125 -30 -32 
-480 -483 -32 -30 
-483 -484 -31 -32 
-125 -119 -29 -30 
-119 -120 -28 -29 
-478 -479 -29 -28 
-479 -480 -30 -29 
-120 -115 -27 -28 
-115 -116 -26 -27 
-476 -477 -27 -26 
-477 -478 -28 -27 
-116 -113 -25 -26 
-113 -123 -31 -25 
-484 -481 -25 -31 
-481 -476 -26 -25 
-107 -108 -24 -23 
-108 -109 -22 -24 
-464 -467 -24 -22 
-467 -468 -23 -24 
-109 -103 -21 -22 
-103 -104 -20 -21 
-462 -463 -21 -20 
-463 -464 -22 -21 
-104 -99 -19 -20 
-99 -100 -18 -19 
-460 -461 -19 -18 
-461 -462 -20 -19 
-100 -97 -17 -18 
-97 -107 -23 -17 
-468 -465 -17 -23 
-465 -460 -18 -17 
-91 -92 -16 -15 
-92 -93 -14 -16 
-455 -458 -16 -14 
-458 -459 -15 -16 
-93 -87 -13 -14 
-87 -88 -12 -13 
-453 -454 -13 -12 
-454 -455 -14 -13 
-88 -83 -11 -12 
-83 -84 -10 -11 
-451 -452 -11 -10 
-452 -453 -12 -11 
-84 -81 -9 -10 
-81 -91 -15 -9 
-459 -456 -9 -15 
-456 -451 -10 -9 
-75 -76 -8 -7 
-76 -77 -6 -8 
-439 -442 -8 -6 
-442 -443 -7 -8 
-77 -71 -5 -6 
-71 -72 -4 -5 
-437 -438 -5 -4 
-438 -439 -6 -5 
-72 -67 -3 -4 
-67 -68 -2 -3 
-435 -436 -3 -2 
-436 -437 -4 -3 
-68 -65 -1 -2 
-65 -75 -7 -1 
-443 -440 -1 -7 
-440 -435 -2 -1 

