sommets
0 0 0
3 0 3
3 3 3
0 3 3 
0 0 3
3 0 0
3 3 0
0 3 0
0 0 0
3 8 3
3 11 3
0 11 3
0 8 3
3 8 0
3 11 0
0 11 0
0 8 0
11 8 3
11 11 3
8 11 3
8 8 3
11 8 0
11 11 0
8 11 0
8 8 0
11 0 3
11 3 3
8 3 3
8 0 3
11 0 0
11 3 0
8 3 0
8 0 0 
3 0 11
3 3 11
0 3 11
0 0 11
3 0 8
3 3 8
0 3 8
0 0 8
3 8 11
3 11 11 
0 11 11
0 8 11
3 8 8
3 11 8
0 11 8
0 8 8
11 8 11
11 11 11
8 11 11
8 8 11
11 8 8 
11 11 8
8 11 8
8 8 8
11 0 11
11 3 11
8 3 11
8 0 11
11 0 8
11 3 8
8 3 8
8 0 8
1 3 1
2 3 1
2 3 2
1 3 2
1 8 1
2 8 1
2 8 2
1 8 2
9 3 1
10 3 1
10 3 2
9 3 2
9 8 1
10 8 1
10 8 2
9 8 2
1 3 9
2 3 9
2 3 10
1 3 10
1 8 9
2 8 9
2 8 10
1 8 10
9 3 9
10 3 9
10 3 10
9 3 10
9 8 9
10 8 9
10 8 10
9 8 10
8 1 1
8 2 1
8 2 2
8 1 2
3 1 1
3 2 1
3 2 2
3 1 2
8 9 1
8 10 1
8 10 2
8 9 2
3 9 1
3 10 1
3 10 2
3 9 2
8 1 9
8 2 9
8 2 10
8 1 10
3 1 9
3 2 9
3 2 10
3 1 10
8 9 9
8 10 9
8 10 10
8 9 10
3 9 9
3 10 9
3 10 10
3 9 10
10 1 3
10 2 3
9 2 3
9 1 3
10 1 8
10 2 8
9 2 8
9 1 8
2 1 3
2 2 3
1 2 3
1 1 3
2 1 8
2 2 8
1 2 8
1 1 8
2 9 3
2 10 3
1 10 3
1 9 3
2 9 8
2 10 8
1 10 8
1 9 8
10 9 3
10 10 3
9 10 3
9 9 3
10 9 8
10 10 8
9 10 8
9 9 8
faces
1 2 3 4
1 5 6 2
2 6 7 3
3 7 8 4
4 8 5 1
8 7 6 5
9 10 11 12
9 13 14 10
10 14 15 11
11 15 16 12
12 16 13 9
16 15 14 13
17 18 19 20
17 21 22 18
18 22 23 19
19 23 24 20
20 24 21 17
24 23 22 21
25 26 27 28
25 29 30 26
26 30 31 27
27 31 32 28
28 32 29 25
32 31 30 29
33 34 35 36
33 37 38 34
34 38 39 35
35 39 40 36
36 40 37 33
40 39 38 37
41 42 43 44
41 45 46 42
42 46 47 43
43 47 48 44
44 48 45 41
48 47 46 45
49 50 51 52
49 53 54 50
50 54 55 51
51 55 56 52
52 56 53 49
56 55 54 53
57 58 59 60
57 61 62 58
58 62 63 59
59 63 64 60
60 64 61 57
64 63 62 61
68 67 71 72
71 67 66 70
72 69 65 68
65 69 70 66
76 75 79 80
79 75 74 78
80 77 73 76
73 77 78 74
84 83 87 88
87 83 82 86
88 85 81 84
81 85 86 82
92 91 95 96
95 91 90 94
96 93 89 92
89 93 94 90
100 99 103 104
103 99 98 102
104 101 97 100
97 101 102 98
108 107 111 112
111 107 106 110
112 109 105 108
105 109 110 106
116 115 119 120
119 115 114 118
120 117 113 116
113 117 118 114
124 123 127 128
127 123 122 126
128 125 121 124
121 125 126 122
129 130 134 133
133 136 132 129
130 131 135 134
135 131 132 136
137 138 142 141
141 144 140 137
138 139 143 142
143 139 140 144
145 146 150 149
149 152 148 145
146 147 151 150
151 147 148 152
153 154 158 157
157 160 156 153
154 155 159 158
159 155 156 160



