sommets
0,12 0 0
-4,3674 0,0000 19,9893
-4,3674 0,0000 7,0333
10,7627 0,0000 7,0333
10,7627 0,0000 19,9893
25,8928 0,0000 7,0333
25,8928 0,0000 19,9893
41,0230 0,0000 7,0333
41,0230 0,0000 19,9893
56,1531 0,0000 7,0333
56,1531 0,0000 19,9893
-4,3674 0,0000 -5,9228
10,7627 0,0000 -5,9228
25,8928 0,0000 -5,9228
41,0230 0,0000 -5,9228
56,1531 0,0000 -5,9228
-4,3674 0,0000 -18,8788
10,7627 0,0000 -18,8788
25,8928 0,0000 -18,8788
41,0230 0,0000 -18,8788
56,1531 0,0000 -18,8788
-4,3674 0,0000 -31,8348
10,7627 0,0000 -31,8348
25,8928 0,0000 -31,8348
41,0230 0,0000 -31,8348
56,1531 0,0000 -31,8348
-4,3674 21,8923 19,9893
10,7627 21,8923 19,9893
10,7627 21,8923 7,0333
-4,3674 21,8923 7,0333
14,7328 33,8026 16,0192
21,9227 33,8026 16,0192
21,9227 33,8026 11,0034
14,7328 33,8026 11,0034
25,8928 21,8923 19,9893
41,0230 21,8923 19,9893
41,0230 21,8923 7,0333
25,8928 21,8923 7,0333
44,9931 33,8026 16,0192
52,1830 33,8026 16,0192
52,1830 33,8026 11,0034
44,9931 33,8026 11,0034
-0,3973 33,8026 3,0632
6,7926 33,8026 3,0632
6,7926 33,8026 -1,9527
-0,3973 33,8026 -1,9527
25,8928 21,8923 -5,9228
10,7627 21,8923 -5,9228
29,8629 33,8026 3,0632
37,0529 33,8026 3,0632
37,0529 33,8026 -1,9527
29,8629 33,8026 -1,9527
56,1531 21,8923 7,0333
56,1531 21,8923 -5,9228
41,0230 21,8923 -5,9228
-4,3674 21,8923 -5,9228
10,7627 21,8923 -18,8788
-4,3674 21,8923 -18,8788
14,7328 33,8026 -9,8929
21,9227 33,8026 -9,8929
21,9227 33,8026 -14,9087
14,7328 33,8026 -14,9087
41,0230 21,8923 -18,8788
25,8928 21,8923 -18,8788
44,9931 33,8026 -9,8929
52,1830 33,8026 -9,8929
52,1830 33,8026 -14,9087
44,9931 33,8026 -14,9087
-0,3973 33,8026 -22,8489
6,7926 33,8026 -22,8489
6,7926 33,8026 -27,8647
-0,3973 33,8026 -27,8647
25,8928 21,8923 -31,8348
10,7627 21,8923 -31,8348
29,8629 33,8026 -22,8489
37,0529 33,8026 -22,8489
37,0529 33,8026 -27,8647
29,8629 33,8026 -27,8647
56,1531 21,8923 -18,8788
56,1531 21,8923 -31,8348
41,0230 21,8923 -31,8348
10,7627 5,4731 19,9893
-4,3674 5,4731 19,9893
25,8928 5,4731 19,9893
41,0230 5,4731 19,9893
56,1531 5,4731 19,9893
10,7627 10,9461 19,9893
-4,3674 10,9461 19,9893
25,8928 10,9461 19,9893
41,0230 10,9461 19,9893
56,1531 10,9461 19,9893
10,7627 16,4192 19,9893
-4,3674 16,4192 19,9893
25,8928 16,4192 19,9893
41,0230 16,4192 19,9893
56,1531 16,4192 19,9893
56,1531 21,8923 19,9893
56,1531 5,4731 7,0333
56,1531 5,4731 -5,9228
56,1531 5,4731 -18,8788
56,1531 5,4731 -31,8348
56,1531 10,9461 7,0333
56,1531 10,9461 -5,9228
56,1531 10,9461 -18,8788
56,1531 10,9461 -31,8348
56,1531 16,4192 7,0333
56,1531 16,4192 -5,9228
56,1531 16,4192 -18,8788
56,1531 16,4192 -31,8348
41,0230 5,4731 -31,8348
25,8928 5,4731 -31,8348
10,7627 5,4731 -31,8348
-4,3674 5,4731 -31,8348
41,0230 10,9461 -31,8348
25,8928 10,9461 -31,8348
10,7627 10,9461 -31,8348
-4,3674 10,9461 -31,8348
41,0230 16,4192 -31,8348
25,8928 16,4192 -31,8348
10,7627 16,4192 -31,8348
-4,3674 16,4192 -31,8348
-4,3674 21,8923 -31,8348
-4,3674 5,4731 -18,8788
-4,3674 5,4731 -5,9228
-4,3674 5,4731 7,0333
-4,3674 10,9461 -18,8788
-4,3674 10,9461 -5,9228
-4,3674 10,9461 7,0333
-4,3674 16,4192 -18,8788
-4,3674 16,4192 -5,9228
-4,3674 16,4192 7,0333
10,7627 30,3618 19,9893
10,7627 30,3618 7,0333
25,8928 30,3618 19,9893
25,8928 30,3618 7,0333
41,0230 30,3618 19,9893
41,0230 30,3618 7,0333
56,1531 30,3618 19,9893
56,1531 30,3618 7,0333
-4,3674 30,3618 7,0333
10,7627 30,3618 -5,9228
-4,3674 30,3618 -5,9228
41,0230 30,3618 -5,9228
25,8928 30,3618 -5,9228
25,8928 30,3618 -18,8788
10,7627 30,3618 -18,8788
56,1531 30,3618 -5,9228
56,1531 30,3618 -18,8788
41,0230 30,3618 -18,8788
-4,3674 30,3618 -18,8788
10,7627 30,3618 -31,8348
-4,3674 30,3618 -31,8348
41,0230 30,3618 -31,8348
25,8928 30,3618 -31,8348
faces
1 2 3 4 
4 3 5 6 
6 5 7 8 
8 7 9 10 
2 11 12 3 
3 12 13 5 
5 13 14 7 
7 14 15 9 
11 16 17 12 
12 17 18 13 
13 18 19 14 
14 19 20 15 
16 21 22 17 
17 22 23 18 
18 23 24 19 
19 24 25 20 
26 27 28 29 
30 31 32 33 
34 35 36 37 
38 39 40 41 
42 43 44 45 
28 37 46 47 
48 49 50 51 
36 52 53 54 
55 47 56 57 
58 59 60 61 
46 54 62 63 
64 65 66 67 
68 69 70 71 
56 63 72 73 
74 75 76 77 
62 78 79 80 
1 4 81 82 
4 6 83 81 
6 8 84 83 
8 10 85 84 
82 81 86 87 
81 83 88 86 
83 84 89 88 
84 85 90 89 
87 86 91 92 
86 88 93 91 
88 89 94 93 
89 90 95 94 
92 91 27 26 
91 93 34 27 
93 94 35 34 
94 95 96 35 
10 9 97 85 
9 15 98 97 
15 20 99 98 
20 25 100 99 
85 97 101 90 
97 98 102 101 
98 99 103 102 
99 100 104 103 
90 101 105 95 
101 102 106 105 
102 103 107 106 
103 104 108 107 
95 105 52 96 
105 106 53 52 
106 107 78 53 
107 108 79 78 
25 24 109 100 
24 23 110 109 
23 22 111 110 
22 21 112 111 
100 109 113 104 
109 110 114 113 
110 111 115 114 
111 112 116 115 
104 113 117 108 
113 114 118 117 
114 115 119 118 
115 116 120 119 
108 117 80 79 
117 118 72 80 
118 119 73 72 
119 120 121 73 
21 16 122 112 
16 11 123 122 
11 2 124 123 
2 1 82 124 
112 122 125 116 
122 123 126 125 
123 124 127 126 
124 82 87 127 
116 125 128 120 
125 126 129 128 
126 127 130 129 
127 87 92 130 
120 128 57 121 
128 129 55 57 
129 130 29 55 
130 92 26 29 
28 27 131 132 
27 34 133 131 
34 37 134 133 
37 28 132 134 
36 35 135 136 
35 96 137 135 
96 52 138 137 
52 36 136 138 
29 28 132 139 
28 47 140 132 
47 55 141 140 
55 29 139 141 
37 36 136 134 
36 54 142 136 
54 46 143 142 
46 37 134 143 
47 46 143 140 
46 63 144 143 
63 56 145 144 
56 47 140 145 
54 53 146 142 
53 78 147 146 
78 62 148 147 
62 54 142 148 
57 56 145 149 
56 73 150 145 
73 121 151 150 
121 57 149 151 
63 62 148 144 
62 80 152 148 
80 72 153 152 
72 63 144 153 
132 131 30 33 
131 133 31 30 
133 134 32 31 
134 132 33 32 
136 135 38 41 
135 137 39 38 
137 138 40 39 
138 136 41 40 
139 132 43 42 
132 140 44 43 
140 141 45 44 
141 139 42 45 
134 136 49 48 
136 142 50 49 
142 143 51 50 
143 134 48 51 
140 143 59 58 
143 144 60 59 
144 145 61 60 
145 140 58 61 
142 146 65 64 
146 147 66 65 
147 148 67 66 
148 142 64 67 
149 145 69 68 
145 150 70 69 
150 151 71 70 
151 149 68 71 
144 148 75 74
148 152 76 75 
152 153 77 76 
153 144 74 77

