sommets
0 0 0
-1,0052 1,2162 17,1102
-2,4762 0,6841 13,5113
3,1976 0,0000 13,5113
3,1976 0,6841 18,3698
-2,4762 0,6841 7,0333
3,1976 0,0000 7,0333
10,7627 0,0000 7,0333
10,7627 0,0000 13,5113
10,7627 0,6841 18,3698
18,3278 0,0000 13,5113
18,3278 0,6841 18,3698
18,3278 0,0000 7,0333
25,8928 0,0000 7,0333
25,8928 0,0000 13,5113
25,8928 0,6841 18,3698
33,4579 0,0000 13,5113
33,4579 0,6841 18,3698
33,4579 0,0000 7,0333
41,0230 0,0000 7,0333
41,0230 0,0000 13,5113
41,0230 0,6841 18,3698
48,5880 0,0000 13,5113
48,5880 0,6841 18,3698
48,5880 0,0000 7,0333
54,2618 0,6841 7,0333
54,2618 0,6841 13,5113
52,7908 1,2162 17,1102
-2,4762 0,6841 0,5553
3,1976 0,0000 0,5553
-2,4762 0,6841 -5,9228
3,1976 0,0000 -5,9228
10,7627 0,0000 -5,9228
10,7627 0,0000 0,5553
18,3278 0,0000 0,5553
18,3278 0,0000 -5,9228
25,8928 0,0000 -5,9228
25,8928 0,0000 0,5553
33,4579 0,0000 0,5553
33,4579 0,0000 -5,9228
41,0230 0,0000 -5,9228
41,0230 0,0000 0,5553
48,5880 0,0000 0,5553
48,5880 0,0000 -5,9228
54,2618 0,6841 -5,9228
54,2618 0,6841 0,5553
-2,4762 0,6841 -12,4008
3,1976 0,0000 -12,4008
-2,4762 0,6841 -18,8788
3,1976 0,0000 -18,8788
10,7627 0,0000 -18,8788
10,7627 0,0000 -12,4008
18,3278 0,0000 -12,4008
18,3278 0,0000 -18,8788
25,8928 0,0000 -18,8788
25,8928 0,0000 -12,4008
33,4579 0,0000 -12,4008
33,4579 0,0000 -18,8788
41,0230 0,0000 -18,8788
41,0230 0,0000 -12,4008
48,5880 0,0000 -12,4008
48,5880 0,0000 -18,8788
54,2618 0,6841 -18,8788
54,2618 0,6841 -12,4008
-2,4762 0,6841 -25,3568
3,1976 0,0000 -25,3568
-1,0052 1,2162 -28,9557
3,1976 0,6841 -30,2153
10,7627 0,6841 -30,2153
10,7627 0,0000 -25,3568
18,3278 0,0000 -25,3568
18,3278 0,6841 -30,2153
25,8928 0,6841 -30,2153
25,8928 0,0000 -25,3568
33,4579 0,0000 -25,3568
33,4579 0,6841 -30,2153
41,0230 0,6841 -30,2153
41,0230 0,0000 -25,3568
48,5880 0,0000 -25,3568
48,5880 0,6841 -30,2153
52,7908 1,2162 -28,9557
54,2618 0,6841 -25,3568
-1,0052 20,6760 17,1102
3,1976 21,2081 18,3698
3,1976 21,8923 13,5113
-2,4762 21,2081 13,5113
10,7627 22,1320 18,9528
8,8714 22,9510 13,5113
10,7627 22,8333 7,0333
3,1976 22,9510 8,6528
-3,1570 22,1320 7,0333
15,6689 33,0379 15,5662
18,3278 33,3725 15,8885
18,3278 33,8026 13,5113
15,1353 33,3725 13,5113
20,9866 33,0379 15,5662
21,5202 33,3725 13,5113
20,9866 33,0379 11,4563
18,3278 33,3725 11,1341
15,6689 33,0379 11,4563
25,8928 22,1320 18,9528
33,4579 21,2081 18,3698
33,4579 21,8923 13,5113
27,7841 22,9510 13,5113
41,0230 22,1320 18,9528
39,1317 22,9510 13,5113
41,0230 22,8333 7,0333
33,4579 22,9510 8,6528
25,8928 22,8333 7,0333
45,9291 33,0379 15,5662
48,5880 33,3725 15,8885
48,5880 33,8026 13,5113
45,3955 33,3725 13,5113
51,2469 33,0379 15,5662
51,7805 33,3725 13,5113
51,2469 33,0379 11,4563
48,5880 33,3725 11,1341
45,9291 33,0379 11,4563
0,5387 33,0379 2,6102
3,1976 33,3725 2,9324
3,1976 33,8026 0,5553
0,0051 33,3725 0,5553
5,8565 33,0379 2,6102
6,3901 33,3725 0,5553
5,8565 33,0379 -1,4997
3,1976 33,3725 -1,8219
0,5387 33,0379 -1,4997
18,3278 22,9510 5,4138
18,3278 21,8923 0,5553
12,6540 22,9510 0,5553
24,0016 22,9510 0,5553
25,8928 22,8333 -5,9228
18,3278 22,9510 -4,3033
10,7627 22,8333 -5,9228
30,7990 33,0379 2,6102
33,4579 33,3725 2,9324
33,4579 33,8026 0,5553
30,2654 33,3725 0,5553
36,1168 33,0379 2,6102
36,6504 33,3725 0,5553
36,1168 33,0379 -1,4997
33,4579 33,3725 -1,8219
30,7990 33,0379 -1,4997
48,5880 22,9510 5,4138
48,5880 21,8923 0,5553
42,9142 22,9510 0,5553
54,9427 22,1320 7,0333
54,2618 21,2081 0,5553
54,9427 22,1320 -5,9228
48,5880 22,9510 -4,3033
41,0230 22,8333 -5,9228
-3,1570 22,1320 -5,9228
3,1976 22,9510 -7,5423
3,1976 21,8923 -12,4008
-2,4762 21,2081 -12,4008
8,8714 22,9510 -12,4008
10,7627 22,8333 -18,8788
3,1976 22,9510 -17,2593
-3,1570 22,1320 -18,8788
15,6689 33,0379 -10,3458
18,3278 33,3725 -10,0236
18,3278 33,8026 -12,4008
15,1353 33,3725 -12,4008
20,9866 33,0379 -10,3458
21,5202 33,3725 -12,4008
20,9866 33,0379 -14,4557
18,3278 33,3725 -14,7780
15,6689 33,0379 -14,4557
33,4579 22,9510 -7,5423
33,4579 21,8923 -12,4008
27,7841 22,9510 -12,4008
39,1317 22,9510 -12,4008
41,0230 22,8333 -18,8788
33,4579 22,9510 -17,2593
25,8928 22,8333 -18,8788
45,9291 33,0379 -10,3458
48,5880 33,3725 -10,0236
48,5880 33,8026 -12,4008
45,3955 33,3725 -12,4008
51,2469 33,0379 -10,3458
51,7805 33,3725 -12,4008
51,2469 33,0379 -14,4557
48,5880 33,3725 -14,7780
45,9291 33,0379 -14,4557
0,5387 33,0379 -23,3018
3,1976 33,3725 -22,9796
3,1976 33,8026 -25,3568
0,0051 33,3725 -25,3568
5,8565 33,0379 -23,3018
6,3901 33,3725 -25,3568
5,8565 33,0379 -27,4118
3,1976 33,3725 -27,7340
0,5387 33,0379 -27,4118
18,3278 22,9510 -20,4983
18,3278 21,8923 -25,3568
12,6540 22,9510 -25,3568
24,0016 22,9510 -25,3568
25,8928 22,1320 -30,7983
18,3278 21,2081 -30,2153
10,7627 22,1320 -30,7983
30,7990 33,0379 -23,3018
33,4579 33,3725 -22,9796
33,4579 33,8026 -25,3568
30,2654 33,3725 -25,3568
36,1168 33,0379 -23,3018
36,6504 33,3725 -25,3568
36,1168 33,0379 -27,4118
33,4579 33,3725 -27,7340
30,7990 33,0379 -27,4118
48,5880 22,9510 -20,4983
48,5880 21,8923 -25,3568
42,9142 22,9510 -25,3568
54,9427 22,1320 -18,8788
54,2618 21,2081 -25,3568
52,7908 20,6760 -28,9557
48,5880 21,2081 -30,2153
41,0230 22,1320 -30,7983
3,1976 2,7365 19,9893
-2,4762 2,7365 18,3698
10,7627 2,7365 19,9893
10,7627 5,4731 19,9893
3,1976 5,4731 19,9893
-2,4762 5,4731 18,3698
18,3278 2,7365 19,9893
25,8928 2,7365 19,9893
25,8928 5,4731 19,9893
18,3278 5,4731 19,9893
33,4579 2,7365 19,9893
41,0230 2,7365 19,9893
41,0230 5,4731 19,9893
33,4579 5,4731 19,9893
48,5880 2,7365 19,9893
54,2618 2,7365 18,3698
54,2618 5,4731 18,3698
48,5880 5,4731 19,9893
3,1976 8,2096 19,9893
-2,4762 8,2096 18,3698
10,7627 8,2096 19,9893
10,7627 10,9461 19,9893
3,1976 10,9461 19,9893
-2,4762 10,9461 18,3698
18,3278 8,2096 19,9893
25,8928 8,2096 19,9893
25,8928 10,9461 19,9893
18,3278 10,9461 19,9893
33,4579 8,2096 19,9893
41,0230 8,2096 19,9893
41,0230 10,9461 19,9893
33,4579 10,9461 19,9893
48,5880 8,2096 19,9893
54,2618 8,2096 18,3698
54,2618 10,9461 18,3698
48,5880 10,9461 19,9893
3,1976 13,6827 19,9893
-2,4762 13,6827 18,3698
10,7627 13,6827 19,9893
10,7627 16,4192 19,9893
3,1976 16,4192 19,9893
-2,4762 16,4192 18,3698
18,3278 13,6827 19,9893
25,8928 13,6827 19,9893
25,8928 16,4192 19,9893
18,3278 16,4192 19,9893
33,4579 13,6827 19,9893
41,0230 13,6827 19,9893
41,0230 16,4192 19,9893
33,4579 16,4192 19,9893
48,5880 13,6827 19,9893
54,2618 13,6827 18,3698
54,2618 16,4192 18,3698
48,5880 16,4192 19,9893
3,1976 19,1557 19,9893
-2,4762 19,1557 18,3698
10,7627 19,1557 19,9893
18,3278 19,1557 19,9893
25,8928 19,1557 19,9893
18,3278 22,2668 19,9893
33,4579 19,1557 19,9893
41,0230 19,1557 19,9893
48,5880 19,1557 19,9893
54,2618 19,1557 18,3698
54,2618 22,2668 18,3698
48,5880 22,2668 19,9893
56,1531 2,7365 13,5113
56,1531 2,7365 7,0333
56,1531 5,4731 7,0333
56,1531 5,4731 13,5113
56,1531 2,7365 0,5553
56,1531 2,7365 -5,9228
56,1531 5,4731 -5,9228
56,1531 5,4731 0,5553
56,1531 2,7365 -12,4008
56,1531 2,7365 -18,8788
56,1531 5,4731 -18,8788
56,1531 5,4731 -12,4008
56,1531 2,7365 -25,3568
54,2618 2,7365 -30,2153
54,2618 5,4731 -30,2153
56,1531 5,4731 -25,3568
56,1531 8,2096 13,5113
56,1531 8,2096 7,0333
56,1531 10,9461 7,0333
56,1531 10,9461 13,5113
56,1531 8,2096 0,5553
56,1531 8,2096 -5,9228
56,1531 10,9461 -5,9228
56,1531 10,9461 0,5553
56,1531 8,2096 -12,4008
56,1531 8,2096 -18,8788
56,1531 10,9461 -18,8788
56,1531 10,9461 -12,4008
56,1531 8,2096 -25,3568
54,2618 8,2096 -30,2153
54,2618 10,9461 -30,2153
56,1531 10,9461 -25,3568
56,1531 13,6827 13,5113
56,1531 13,6827 7,0333
56,1531 16,4192 7,0333
56,1531 16,4192 13,5113
56,1531 13,6827 0,5553
56,1531 13,6827 -5,9228
56,1531 16,4192 -5,9228
56,1531 16,4192 0,5553
56,1531 13,6827 -12,4008
56,1531 13,6827 -18,8788
56,1531 16,4192 -18,8788
56,1531 16,4192 -12,4008
56,1531 13,6827 -25,3568
54,2618 13,6827 -30,2153
54,2618 16,4192 -30,2153
56,1531 16,4192 -25,3568
56,1531 19,1557 13,5113
56,1531 19,1557 7,0333
56,1531 22,2668 13,5113
56,1531 19,1557 0,5553
56,1531 19,1557 -5,9228
56,1531 19,1557 -12,4008
56,1531 19,1557 -18,8788
56,1531 22,2668 -12,4008
56,1531 19,1557 -25,3568
54,2618 19,1557 -30,2153
48,5880 2,7365 -31,8348
41,0230 2,7365 -31,8348
41,0230 5,4731 -31,8348
48,5880 5,4731 -31,8348
33,4579 2,7365 -31,8348
25,8928 2,7365 -31,8348
25,8928 5,4731 -31,8348
33,4579 5,4731 -31,8348
18,3278 2,7365 -31,8348
10,7627 2,7365 -31,8348
10,7627 5,4731 -31,8348
18,3278 5,4731 -31,8348
3,1976 2,7365 -31,8348
-2,4762 2,7365 -30,2153
-2,4762 5,4731 -30,2153
3,1976 5,4731 -31,8348
48,5880 8,2096 -31,8348
41,0230 8,2096 -31,8348
41,0230 10,9461 -31,8348
48,5880 10,9461 -31,8348
33,4579 8,2096 -31,8348
25,8928 8,2096 -31,8348
25,8928 10,9461 -31,8348
33,4579 10,9461 -31,8348
18,3278 8,2096 -31,8348
10,7627 8,2096 -31,8348
10,7627 10,9461 -31,8348
18,3278 10,9461 -31,8348
3,1976 8,2096 -31,8348
-2,4762 8,2096 -30,2153
-2,4762 10,9461 -30,2153
3,1976 10,9461 -31,8348
48,5880 13,6827 -31,8348
41,0230 13,6827 -31,8348
41,0230 16,4192 -31,8348
48,5880 16,4192 -31,8348
33,4579 13,6827 -31,8348
25,8928 13,6827 -31,8348
25,8928 16,4192 -31,8348
33,4579 16,4192 -31,8348
18,3278 13,6827 -31,8348
10,7627 13,6827 -31,8348
10,7627 16,4192 -31,8348
18,3278 16,4192 -31,8348
3,1976 13,6827 -31,8348
-2,4762 13,6827 -30,2153
-2,4762 16,4192 -30,2153
3,1976 16,4192 -31,8348
48,5880 19,1557 -31,8348
41,0230 19,1557 -31,8348
33,4579 19,1557 -31,8348
25,8928 19,1557 -31,8348
33,4579 22,2668 -31,8348
18,3278 19,1557 -31,8348
10,7627 19,1557 -31,8348
3,1976 19,1557 -31,8348
-2,4762 19,1557 -30,2153
-2,4762 22,2668 -30,2153
3,1976 22,2668 -31,8348
-4,3674 2,7365 -25,3568
-4,3674 2,7365 -18,8788
-4,3674 5,4731 -18,8788
-4,3674 5,4731 -25,3568
-4,3674 2,7365 -12,4008
-4,3674 2,7365 -5,9228
-4,3674 5,4731 -5,9228
-4,3674 5,4731 -12,4008
-4,3674 2,7365 0,5553
-4,3674 2,7365 7,0333
-4,3674 5,4731 7,0333
-4,3674 5,4731 0,5553
-4,3674 2,7365 13,5113
-4,3674 5,4731 13,5113
-4,3674 8,2096 -25,3568
-4,3674 8,2096 -18,8788
-4,3674 10,9461 -18,8788
-4,3674 10,9461 -25,3568
-4,3674 8,2096 -12,4008
-4,3674 8,2096 -5,9228
-4,3674 10,9461 -5,9228
-4,3674 10,9461 -12,4008
-4,3674 8,2096 0,5553
-4,3674 8,2096 7,0333
-4,3674 10,9461 7,0333
-4,3674 10,9461 0,5553
-4,3674 8,2096 13,5113
-4,3674 10,9461 13,5113
-4,3674 13,6827 -25,3568
-4,3674 13,6827 -18,8788
-4,3674 16,4192 -18,8788
-4,3674 16,4192 -25,3568
-4,3674 13,6827 -12,4008
-4,3674 13,6827 -5,9228
-4,3674 16,4192 -5,9228
-4,3674 16,4192 -12,4008
-4,3674 13,6827 0,5553
-4,3674 13,6827 7,0333
-4,3674 16,4192 7,0333
-4,3674 16,4192 0,5553
-4,3674 13,6827 13,5113
-4,3674 16,4192 13,5113
-4,3674 19,1557 -25,3568
-4,3674 19,1557 -18,8788
-4,3674 22,2668 -25,3568
-4,3674 19,1557 -12,4008
-4,3674 19,1557 -5,9228
-4,3674 19,1557 0,5553
-4,3674 19,1557 7,0333
-4,3674 22,2668 0,5553
-4,3674 19,1557 13,5113
10,7627 26,1270 13,5113
12,6540 26,1270 8,6528
12,6540 26,1270 18,3698
13,0262 29,7332 17,9976
11,2590 29,7332 13,5113
13,0262 29,7332 9,0250
18,3278 26,1270 19,9893
24,0016 26,1270 18,3698
23,6294 29,7332 17,9976
18,3278 29,7332 19,4930
25,8928 26,1270 13,5113
24,0016 26,1270 8,6528
23,6294 29,7332 9,0250
25,3966 29,7332 13,5113
18,3278 26,1270 7,0333
18,3278 29,7332 7,5295
41,0230 26,1270 13,5113
42,9142 26,1270 8,6528
42,9142 26,1270 18,3698
43,2864 29,7332 17,9976
41,5192 29,7332 13,5113
43,2864 29,7332 9,0250
48,5880 26,1270 19,9893
54,2618 26,1270 18,3698
53,8896 29,7332 17,9976
48,5880 29,7332 19,4930
56,1531 26,1270 13,5113
54,2618 26,1270 8,6528
53,8896 29,7332 9,0250
55,6568 29,7332 13,5113
48,5880 26,1270 7,0333
48,5880 29,7332 7,5295
3,1976 26,1270 7,0333
-2,4762 26,1270 5,4138
8,8714 26,1270 5,4138
8,4992 29,7332 5,0416
3,1976 29,7332 6,5370
-2,1040 29,7332 5,0416
10,7627 26,1270 0,5553
8,8714 26,1270 -4,3033
8,4992 29,7332 -3,9311
10,2664 29,7332 0,5553
3,1976 26,1270 -5,9228
-2,4762 26,1270 -4,3033
-2,1040 29,7332 -3,9311
3,1976 29,7332 -5,4265
-4,3674 26,1270 0,5553
-3,8712 29,7332 0,5553
33,4579 26,1270 7,0333
27,7841 26,1270 5,4138
39,1317 26,1270 5,4138
38,7595 29,7332 5,0416
33,4579 29,7332 6,5370
28,1563 29,7332 5,0416
41,0230 26,1270 0,5553
39,1317 26,1270 -4,3033
38,7595 29,7332 -3,9311
40,5267 29,7332 0,5553
33,4579 26,1270 -5,9228
27,7841 26,1270 -4,3033
28,1563 29,7332 -3,9311
33,4579 29,7332 -5,4265
25,8928 26,1270 0,5553
26,3891 29,7332 0,5553
18,3278 26,1270 -5,9228
12,6540 26,1270 -7,5423
24,0016 26,1270 -7,5423
23,6294 29,7332 -7,9145
18,3278 29,7332 -6,4190
13,0262 29,7332 -7,9145
25,8928 26,1270 -12,4008
24,0016 26,1270 -17,2593
23,6294 29,7332 -16,8871
25,3966 29,7332 -12,4008
18,3278 26,1270 -18,8788
12,6540 26,1270 -17,2593
13,0262 29,7332 -16,8871
18,3278 29,7332 -18,3825
10,7627 26,1270 -12,4008
11,2590 29,7332 -12,4008
48,5880 26,1270 -5,9228
42,9142 26,1270 -7,5423
54,2618 26,1270 -7,5423
53,8896 29,7332 -7,9145
48,5880 29,7332 -6,4190
43,2864 29,7332 -7,9145
56,1531 26,1270 -12,4008
54,2618 26,1270 -17,2593
53,8896 29,7332 -16,8871
55,6568 29,7332 -12,4008
48,5880 26,1270 -18,8788
42,9142 26,1270 -17,2593
43,2864 29,7332 -16,8871
48,5880 29,7332 -18,3825
41,0230 26,1270 -12,4008
41,5192 29,7332 -12,4008
3,1976 26,1270 -18,8788
-2,4762 26,1270 -20,4983
8,8714 26,1270 -20,4983
8,4992 29,7332 -20,8705
3,1976 29,7332 -19,3750
-2,1040 29,7332 -20,8705
10,7627 26,1270 -25,3568
8,8714 26,1270 -30,2153
8,4992 29,7332 -29,8431
10,2664 29,7332 -25,3568
3,1976 26,1270 -31,8348
-2,4762 26,1270 -30,2153
-2,1040 29,7332 -29,8431
3,1976 29,7332 -31,3385
-4,3674 26,1270 -25,3568
-3,8712 29,7332 -25,3568
33,4579 26,1270 -18,8788
27,7841 26,1270 -20,4983
39,1317 26,1270 -20,4983
38,7595 29,7332 -20,8705
33,4579 29,7332 -19,3750
28,1563 29,7332 -20,8705
41,0230 26,1270 -25,3568
39,1317 26,1270 -30,2153
38,7595 29,7332 -29,8431
40,5267 29,7332 -25,3568
33,4579 26,1270 -31,8348
27,7841 26,1270 -30,2153
28,1563 29,7332 -29,8431
33,4579 29,7332 -31,3385
25,8928 26,1270 -25,3568
26,3891 29,7332 -25,3568
12,7477 32,0822 13,5113
14,1427 32,0822 10,1416
14,1427 32,0822 16,8810
18,3278 32,0822 18,0042
22,5128 32,0822 16,8810
23,9078 32,0822 13,5113
22,5128 32,0822 10,1416
18,3278 32,0822 9,0183
43,0080 32,0822 13,5113
44,4030 32,0822 10,1416
44,4030 32,0822 16,8810
48,5880 32,0822 18,0042
52,7730 32,0822 16,8810
54,1680 32,0822 13,5113
52,7730 32,0822 10,1416
48,5880 32,0822 9,0183
3,1976 32,0822 5,0482
-0,9874 32,0822 3,9250
7,3826 32,0822 3,9250
8,7776 32,0822 0,5553
7,3826 32,0822 -2,8145
3,1976 32,0822 -3,9377
-0,9874 32,0822 -2,8145
-2,3824 32,0822 0,5553
33,4579 32,0822 5,0482
29,2729 32,0822 3,9250
37,6429 32,0822 3,9250
39,0379 32,0822 0,5553
37,6429 32,0822 -2,8145
33,4579 32,0822 -3,9377
29,2729 32,0822 -2,8145
27,8779 32,0822 0,5553
18,3278 32,0822 -7,9078
14,1427 32,0822 -9,0310
22,5128 32,0822 -9,0310
23,9078 32,0822 -12,4008
22,5128 32,0822 -15,7705
18,3278 32,0822 -16,8937
14,1427 32,0822 -15,7705
12,7477 32,0822 -12,4008
48,5880 32,0822 -7,9078
44,4030 32,0822 -9,0310
52,7730 32,0822 -9,0310
54,1680 32,0822 -12,4008
52,7730 32,0822 -15,7705
48,5880 32,0822 -16,8937
44,4030 32,0822 -15,7705
43,0080 32,0822 -12,4008
3,1976 32,0822 -20,8638
-0,9874 32,0822 -21,9871
7,3826 32,0822 -21,9871
8,7776 32,0822 -25,3568
7,3826 32,0822 -28,7265
3,1976 32,0822 -29,8498
-0,9874 32,0822 -28,7265
-2,3824 32,0822 -25,3568
33,4579 32,0822 -20,8638
29,2729 32,0822 -21,9871
37,6429 32,0822 -21,9871
39,0379 32,0822 -25,3568
37,6429 32,0822 -28,7265
33,4579 32,0822 -29,8498
29,2729 32,0822 -28,7265
27,8779 32,0822 -25,3568
faces
1 2 3 4 
2 5 6 3 
7 8 3 6 
8 9 4 3 
9 8 10 11 
8 7 12 10 
13 14 10 12 
14 15 11 10 
15 14 16 17 
14 13 18 16 
19 20 16 18 
20 21 17 16 
21 20 22 23 
20 19 24 22 
25 26 22 24 
26 27 23 22 
5 28 29 6 
28 30 31 29 
32 33 29 31 
33 7 6 29 
7 33 34 12 
33 32 35 34 
36 37 34 35 
37 13 12 34 
13 37 38 18 
37 36 39 38 
40 41 38 39 
41 19 18 38 
19 41 42 24 
41 40 43 42 
44 45 42 43 
45 25 24 42 
30 46 47 31 
46 48 49 47 
50 51 47 49 
51 32 31 47 
32 51 52 35 
51 50 53 52 
54 55 52 53 
55 36 35 52 
36 55 56 39 
55 54 57 56 
58 59 56 57 
59 40 39 56 
40 59 60 43 
59 58 61 60 
62 63 60 61 
63 44 43 60 
48 64 65 49 
64 66 67 65 
68 69 65 67 
69 50 49 65 
50 69 70 53 
69 68 71 70 
72 73 70 71 
73 54 53 70 
54 73 74 57 
73 72 75 74 
76 77 74 75 
77 58 57 74 
58 77 78 61 
77 76 79 78 
80 81 78 79 
81 62 61 78 
82 83 84 85 
83 86 87 84 
88 89 84 87 
89 90 85 84 
91 92 93 94 
92 95 96 93 
97 98 93 96 
98 99 94 93 
100 101 102 103 
101 104 105 102 
106 107 102 105 
107 108 103 102 
109 110 111 112 
110 113 114 111 
115 116 111 114 
116 117 112 111 
118 119 120 121 
119 122 123 120 
124 125 120 123 
125 126 121 120 
88 127 128 129 
127 108 130 128 
131 132 128 130 
132 133 129 128 
134 135 136 137 
135 138 139 136 
140 141 136 139 
141 142 137 136 
106 143 144 145 
143 146 147 144 
148 149 144 147 
149 150 145 144 
151 152 153 154 
152 133 155 153 
156 157 153 155 
157 158 154 153 
159 160 161 162 
160 163 164 161 
165 166 161 164 
166 167 162 161 
131 168 169 170 
168 150 171 169 
172 173 169 171 
173 174 170 169 
175 176 177 178 
176 179 180 177 
181 182 177 180 
182 183 178 177 
184 185 186 187 
185 188 189 186 
190 191 186 189 
191 192 187 186 
156 193 194 195 
193 174 196 194 
197 198 194 196 
198 199 195 194 
200 201 202 203 
201 204 205 202 
206 207 202 205 
207 208 203 202 
172 209 210 211 
209 212 213 210 
214 215 210 213 
215 216 211 210 
1 4 217 218 
4 9 219 217 
220 221 217 219 
221 222 218 217 
9 11 223 219 
11 15 224 223 
225 226 223 224 
226 220 219 223 
15 17 227 224 
17 21 228 227 
229 230 227 228 
230 225 224 227 
21 23 231 228 
23 27 232 231 
233 234 231 232 
234 229 228 231 
222 221 235 236 
221 220 237 235 
238 239 235 237 
239 240 236 235 
220 226 241 237 
226 225 242 241 
243 244 241 242 
244 238 237 241 
225 230 245 242 
230 229 246 245 
247 248 245 246 
248 243 242 245 
229 234 249 246 
234 233 250 249 
251 252 249 250 
252 247 246 249 
240 239 253 254 
239 238 255 253 
256 257 253 255 
257 258 254 253 
238 244 259 255 
244 243 260 259 
261 262 259 260 
262 256 255 259 
243 248 263 260 
248 247 264 263 
265 266 263 264 
266 261 260 263 
247 252 267 264 
252 251 268 267 
269 270 267 268 
270 265 264 267 
258 257 271 272 
257 256 273 271 
86 83 271 273 
83 82 272 271 
256 262 274 273 
262 261 275 274 
100 276 274 275 
276 86 273 274 
261 266 277 275 
266 265 278 277 
104 101 277 278 
101 100 275 277 
265 270 279 278 
270 269 280 279 
281 282 279 280 
282 104 278 279 
27 26 283 232 
26 25 284 283 
285 286 283 284 
286 233 232 283 
25 45 287 284 
45 44 288 287 
289 290 287 288 
290 285 284 287 
44 63 291 288 
63 62 292 291 
293 294 291 292 
294 289 288 291 
62 81 295 292 
81 80 296 295 
297 298 295 296 
298 293 292 295 
233 286 299 250 
286 285 300 299 
301 302 299 300 
302 251 250 299 
285 290 303 300 
290 289 304 303 
305 306 303 304 
306 301 300 303 
289 294 307 304 
294 293 308 307 
309 310 307 308 
310 305 304 307 
293 298 311 308 
298 297 312 311 
313 314 311 312 
314 309 308 311 
251 302 315 268 
302 301 316 315 
317 318 315 316 
318 269 268 315 
301 306 319 316 
306 305 320 319 
321 322 319 320 
322 317 316 319 
305 310 323 320 
310 309 324 323 
325 326 323 324 
326 321 320 323 
309 314 327 324 
314 313 328 327 
329 330 327 328 
330 325 324 327 
269 318 331 280 
318 317 332 331 
146 333 331 332 
333 281 280 331 
317 322 334 332 
322 321 335 334 
148 147 334 335 
147 146 332 334 
321 326 336 335 
326 325 337 336 
212 338 336 337 
338 148 335 336 
325 330 339 337 
330 329 340 339 
214 213 339 340 
213 212 337 339 
80 79 341 296 
79 76 342 341 
343 344 341 342 
344 297 296 341 
76 75 345 342 
75 72 346 345 
347 348 345 346 
348 343 342 345 
72 71 349 346 
71 68 350 349 
351 352 349 350 
352 347 346 349 
68 67 353 350 
67 66 354 353 
355 356 353 354 
356 351 350 353 
297 344 357 312 
344 343 358 357 
359 360 357 358 
360 313 312 357 
343 348 361 358 
348 347 362 361 
363 364 361 362 
364 359 358 361 
347 352 365 362 
352 351 366 365 
367 368 365 366 
368 363 362 365 
351 356 369 366 
356 355 370 369 
371 372 369 370 
372 367 366 369 
313 360 373 328 
360 359 374 373 
375 376 373 374 
376 329 328 373 
359 364 377 374 
364 363 378 377 
379 380 377 378 
380 375 374 377 
363 368 381 378 
368 367 382 381 
383 384 381 382 
384 379 378 381 
367 372 385 382 
372 371 386 385 
387 388 385 386 
388 383 382 385 
329 376 389 340 
376 375 390 389 
216 215 389 390 
215 214 340 389 
375 380 391 390 
380 379 392 391 
197 393 391 392 
393 216 390 391 
379 384 394 392 
384 383 395 394 
199 198 394 395 
198 197 392 394 
383 388 396 395 
388 387 397 396 
398 399 396 397 
399 199 395 396 
66 64 400 354 
64 48 401 400 
402 403 400 401 
403 355 354 400 
48 46 404 401 
46 30 405 404 
406 407 404 405 
407 402 401 404 
30 28 408 405 
28 5 409 408 
410 411 408 409 
411 406 405 408 
5 2 412 409 
2 1 218 412 
222 413 412 218 
413 410 409 412 
355 403 414 370 
403 402 415 414 
416 417 414 415 
417 371 370 414 
402 407 418 415 
407 406 419 418 
420 421 418 419 
421 416 415 418 
406 411 422 419 
411 410 423 422 
424 425 422 423 
425 420 419 422 
410 413 426 423 
413 222 236 426 
240 427 426 236 
427 424 423 426 
371 417 428 386 
417 416 429 428 
430 431 428 429 
431 387 386 428 
416 421 432 429 
421 420 433 432 
434 435 432 433 
435 430 429 432 
420 425 436 433 
425 424 437 436 
438 439 436 437 
439 434 433 436 
424 427 440 437 
427 240 254 440 
258 441 440 254 
441 438 437 440 
387 431 442 397 
431 430 443 442 
158 444 442 443 
444 398 397 442 
430 435 445 443 
435 434 446 445 
151 154 445 446 
154 158 443 445 
434 439 447 446 
439 438 448 447 
90 449 447 448 
449 151 446 447 
438 441 450 448 
441 258 272 450 
82 85 450 272 
85 90 448 450 
88 87 451 452 
87 86 453 451 
454 455 451 453 
455 456 452 451 
86 276 457 453 
276 100 458 457 
459 460 457 458 
460 454 453 457 
100 103 461 458 
103 108 462 461 
463 464 461 462 
464 459 458 461 
108 127 465 462 
127 88 452 465 
456 466 465 452 
466 463 462 465 
106 105 467 468 
105 104 469 467 
470 471 467 469 
471 472 468 467 
104 282 473 469 
282 281 474 473 
475 476 473 474 
476 470 469 473 
281 333 477 474 
333 146 478 477 
479 480 477 478 
480 475 474 477 
146 143 481 478 
143 106 468 481 
472 482 481 468 
482 479 478 481 
90 89 483 484 
89 88 485 483 
486 487 483 485 
487 488 484 483 
88 129 489 485 
129 133 490 489 
491 492 489 490 
492 486 485 489 
133 152 493 490 
152 151 494 493 
495 496 493 494 
496 491 490 493 
151 449 497 494 
449 90 484 497 
488 498 497 484 
498 495 494 497 
108 107 499 500 
107 106 501 499 
502 503 499 501 
503 504 500 499 
106 145 505 501 
145 150 506 505 
507 508 505 506 
508 502 501 505 
150 168 509 506 
168 131 510 509 
511 512 509 510 
512 507 506 509 
131 130 513 510 
130 108 500 513 
504 514 513 500 
514 511 510 513 
133 132 515 516 
132 131 517 515 
518 519 515 517 
519 520 516 515 
131 170 521 517 
170 174 522 521 
523 524 521 522 
524 518 517 521 
174 193 525 522 
193 156 526 525 
527 528 525 526 
528 523 522 525 
156 155 529 526 
155 133 516 529 
520 530 529 516 
530 527 526 529 
150 149 531 532 
149 148 533 531 
534 535 531 533 
535 536 532 531 
148 338 537 533 
338 212 538 537 
539 540 537 538 
540 534 533 537 
212 209 541 538 
209 172 542 541 
543 544 541 542 
544 539 538 541 
172 171 545 542 
171 150 532 545 
536 546 545 532 
546 543 542 545 
158 157 547 548 
157 156 549 547 
550 551 547 549 
551 552 548 547 
156 195 553 549 
195 199 554 553 
555 556 553 554 
556 550 549 553 
199 399 557 554 
399 398 558 557 
559 560 557 558 
560 555 554 557 
398 444 561 558 
444 158 548 561 
552 562 561 548 
562 559 558 561 
174 173 563 564 
173 172 565 563 
566 567 563 565 
567 568 564 563 
172 211 569 565 
211 216 570 569 
571 572 569 570 
572 566 565 569 
216 393 573 570 
393 197 574 573 
575 576 573 574 
576 571 570 573 
197 196 577 574 
196 174 564 577 
568 578 577 564 
578 575 574 577 
456 455 579 580 
455 454 581 579 
91 94 579 581 
94 99 580 579 
454 460 582 581 
460 459 583 582 
95 92 582 583 
92 91 581 582 
459 464 584 583 
464 463 585 584 
97 96 584 585 
96 95 583 584 
463 466 586 585 
466 456 580 586 
99 98 586 580 
98 97 585 586 
472 471 587 588 
471 470 589 587 
109 112 587 589 
112 117 588 587 
470 476 590 589 
476 475 591 590 
113 110 590 591 
110 109 589 590 
475 480 592 591 
480 479 593 592 
115 114 592 593 
114 113 591 592 
479 482 594 593 
482 472 588 594 
117 116 594 588 
116 115 593 594 
488 487 595 596 
487 486 597 595 
122 119 595 597 
119 118 596 595 
486 492 598 597 
492 491 599 598 
124 123 598 599 
123 122 597 598 
491 496 600 599 
496 495 601 600 
126 125 600 601 
125 124 599 600 
495 498 602 601 
498 488 596 602 
118 121 602 596 
121 126 601 602 
504 503 603 604 
503 502 605 603 
138 135 603 605 
135 134 604 603 
502 508 606 605 
508 507 607 606 
140 139 606 607 
139 138 605 606 
507 512 608 607 
512 511 609 608 
142 141 608 609 
141 140 607 608 
511 514 610 609 
514 504 604 610 
134 137 610 604 
137 142 609 610 
520 519 611 612 
519 518 613 611 
163 160 611 613 
160 159 612 611 
518 524 614 613 
524 523 615 614 
165 164 614 615 
164 163 613 614 
523 528 616 615 
528 527 617 616 
167 166 616 617 
166 165 615 616 
527 530 618 617 
530 520 612 618 
159 162 618 612 
162 167 617 618 
536 535 619 620 
535 534 621 619 
179 176 619 621 
176 175 620 619 
534 540 622 621 
540 539 623 622 
181 180 622 623 
180 179 621 622 
539 544 624 623 
544 543 625 624 
183 182 624 625 
182 181 623 624 
543 546 626 625 
546 536 620 626 
175 178 626 620 
178 183 625 626 
552 551 627 628 
551 550 629 627 
188 185 627 629 
185 184 628 627 
550 556 630 629 
556 555 631 630 
190 189 630 631 
189 188 629 630 
555 560 632 631 
560 559 633 632 
192 191 632 633 
191 190 631 632 
559 562 634 633 
562 552 628 634 
184 187 634 628 
187 192 633 634 
568 567 635 636 
567 566 637 635 
204 201 635 637 
201 200 636 635 
566 572 638 637 
572 571 639 638 
206 205 638 639 
205 204 637 638 
571 576 640 639 
576 575 641 640 
208 207 640 641 
207 206 639 640 
575 578 642 641 
578 568 636 642 
200 203 642 636 
203 208 641 642 

